# data for tests with empirical fitness landscapes 

# To ADD a new study, put the data here, then invoke it in "run_DFE_tests.R", as follows. 
# First, to run the Mann-Whitney U test and get results printed out in DFE_Utest_results.tab, 
# change this: 
#
#   all_dfes <- list( firnberg, roscoe, . . [put your new study here] . )
#
# Second, to include your new study with other studies in a meta-analysis using Fisher's or 
# Stouffer's method, add it to the competition, high-throughput, or adaptive subgroup.  All 
# three follow the same form.  Here is the competitive growth assay subgroup: 
# 
#   comp_subgroup <- list( lind, carrasco, domingo_calap, peris, sanjuan, [ your new study here ] )
#   

# note that most of these values don't have >2 digits of precision but there is no 
# harm in carrying them along

# template stanza
template_ti <- c( ) 
template_tv <- c( )
template <- list( "name"="template", "ti"=template_ti, "tv"=template_tv )


## THE STUDIES USING DIRECT COMPETITION TO MEASURE FITNESS
# Lind, et al. study of ribosomal proteins 
lind_ti <- c( 0.979291122, 0.991974433, 0.989124867, 0.989608633, 0.9875133, 0.976425667, 0.9915219, 0.99191085, 0.993406233, 0.991691438, 0.989750867, 0.992769267, 0.991886056, 0.991741633, 0.9693035, 0.9887376, 0.982619, 0.973854438, 0.992346886, 0.923732333, 0.991768085, 0.992363251, 0.985750033, 0.988986005, 0.99085795, 0.992500566, 0.989604006, 0.986869251, 0.986680974, 0.992761422, 0.990550059, 0.994128425, 0.965045467, 0.995404243, 0.993293231, 0.981433822, 0.995837591 ) 
lind_tv <- c( 0.994571543, 0.9705345, 0.9902878, 0.9875868, 0.982269438, 0.993858154, 0.981242, 0.991232262, 0.9928882, 0.990041432, 0.99024525, 0.9796805, 0.98978505, 0.987055, 0.997261257, 0.996392133, 0.9265175, 0.9892896, 0.987491288, 0.969565, 0.992263437, 0.978065667, 0.99201045, 0.998873384, 0.9723, 0.992516512, 0.979841567, 0.991270754, 0.980658125, 0.989602957, 0.981219938, 0.97325, 0.994379213, 0.998666497, 0.992279375, 0.99508143, 0.99868603, 0.999554703, 0.984330767, 0.989327182, 0.987954357, 0.97572556, 0.98888344, 0.993115679, 0.982989557, 0.991965132, 0.992904649, 0.983438288, 0.990856448, 0.995749598, 0.992557817 )
lind <- list( "name"="Lind", "ti"=lind_ti, "tv"=lind_tv )

# Domingo-Calap, et al.  
domingo_calap_ti <- c( 0, 0.986, 1.007, 0.671, 0.694, 0, 0, 0.926, 1.006 )
domingo_calap_tv <- c( 0.993, 0.56, 0, 0.635, 0.905, 0.928, 0, 0, 0, 0, 0.957, 1.035, 0.941, 0.77, 0, 0.902, 0.907, 0.919, 0, 0, 0.953, 0.74, 0, 0.777, 0, 1.032, 0.772, 0.996, 0.931, 0.648, 0.652, 0.895, 0.937, 0.686, 0.948, 1.035, 0.959, 0, 0, 0, 0.57, 0.795, 1.061, 1.001, 1.02, 1.006, 0.984, 0.482, 0, 0.963, 1.061, 0.926, 0.34, 0.111 )
domingo_calap <- list( "name"="Domingo-Calap", "ti"=domingo_calap_ti, "tv"=domingo_calap_tv )

# Peris, et al.  
peris_ti <- c( 0.94, 0.00, 0.84, 0.78, 0.00, 1.00, 0.00, 0.87, 1.02, 0.31, 0.90, 0.99, 0.96, 0.88, 0.47, 0.75, 0.99, 0.85 )
peris_tv <- c( 0.00, 0.00, 0.99, 0.00, 1.03, 0.00, 0.59, 0.00, 0.99, 0.75, 0.95, 0.94, 0.92, 0.95, 0.48, 0.87, 0.40, 0.92, 0.34, 0.00, 1.07, 0.89, 1.03, 1.07, 1.04, 0.93, 0.21, 0.72, 0.79, 0.63, 0.00, 0.00, 0.00 )
peris <- list( "name"="Peris", "ti"=peris_ti, "tv"=peris_tv )

# Carrasco, et al tobacco etch virus
carrasco_ti <- c( 0.427, 0, 0, 0, 0, 2.393, 0.391, 0, 0, 0, 0.718, 0.656, 0.889, 0, 0.382, 0.825, 0.443, 0.764, 1.594, 0.258, 0.272, 0 ) 
carrasco_tv <- c( 0.759, 0.256, 0.788, 0.912, 0.566, 0, 0, 0, 0, 0, 0.914, 0, 2.17, 0.797, 0, 0.235, 0, 0, 0.522, 0.276, 0.779, 0.885, 2.127, 0, 0, 1.683, 0, 0, 0.537, 0 )
carrasco <- list( "name"="Carrasco", "ti"=carrasco_ti, "tv"=carrasco_tv )

# Sanjuan, et al.  
sanjuan_ti <- c( 0, 0.571, 0, 0.681, 0 )
sanjuan_tv <- c( 0, 0.831, 0.265, 0.965, 0.961, 1.002, 0, 0, 0.961, 0.877, 0, 0.732, 0, 1.018, 0.774, 1.005, 1.03, 0, 0.635, 0.956, 0, 0.88, 0.937, 0, 0, 0, 0 )
sanjuan <- list( "name"="Sanjuan", "ti"=sanjuan_ti, "tv"=sanjuan_tv )


## THE HIGH-THROUGHPUT DFE & pseudo-DFE STUDIES
# Firnberg, et al.  exhaustive screen of TEM1
